783
780
777
774
771
768
765
762
759
756
753
750
747
744
741
738
368
365
362
359
356
353
350
347
344
341
338
335
332
329
326
323
320
679
676
673
670
667
664
661
658
655
652
649
646
643
640
637
634
264
261
258
255
252
249
246
243
240
237
234
231
228
225
222
219
216
575
572
569
566
563
560
557
554
551
548
545
542
539
536
533
530
160
157
154
151
148
145
142
139
136
133
130
127
124
121
118
115
112
471
468
465
462
459
456
453
450
447
444
441
438
435
432
429
426
56
53
50
47
44
41
38
35
32
29
26
23
20
17
14
11
8
367
364
361
358
355
352
349
346
343
340
337
334
331
328
325
322
785
782
779
776
773
770
767
764
761
758
755
752
749
746
743
740
737
263
260
257
254
251
248
245
242
239
236
233
230
227
224
221
218
681
678
675
672
669
666
663
660
657
654
651
648
645
642
639
636
633
159
156
153
150
147
144
141
138
135
132
129
126
123
120
117
114
577
574
571
568
565
562
559
556
553
550
547
544
541
538
535
532
529
55
52
49
46
43
40
37
34
31
28
25
22
19
16
13
10
473
470
467
464
461
458
455
452
449
446
443
440
437
434
431
428
425
784
781
778
775
772
769
766
763
760
757
754
751
748
745
742
739
369
366
363
360
357
354
351
348
345
342
339
336
333
330
327
324
321
680
677
674
671
668
665
662
659
656
653
650
647
644
641
638
635
265
262
259
256
253
250
247
244
241
238
235
232
229
226
223
220
217
576
573
570
567
564
561
558
555
552
549
546
543
540
537
534
531
161
158
155
152
149
146
143
140
137
134
131
128
125
122
119
116
113
472
469
466
463
460
457
454
451
448
445
442
439
436
433
430
427
57
54
51
48
45
42
39
36
33
30
27
24
21
18
15
12
9
475
686
64
275
486
697
75
286
497
708
86
297
508
719
97
308
786
164
375
586
797
175
386
597
808
186
397
608
819
197
408
619
830
371
582
793
171
382
593
804
182
393
604
815
193
404
615
826
204
682
60
271
482
693
71
282
493
704
82
293
504
715
93
304
515
726
267
478
689
67
278
489
700
78
289
500
711
89
300
511
722
100
578
789
167
378
589
800
178
389
600
811
189
400
611
822
200
411
622
163
374
585
796
174
385
596
807
185
396
607
818
196
407
618
829
474
685
63
274
485
696
74
285
496
707
85
296
507
718
96
307
518
59
270
481
692
70
281
492
703
81
292
503
714
92
303
514
725
370
581
792
170
381
592
803
181
392
603
814
192
403
614
825
203
414
788
166
377
588
799
177
388
599
810
188
399
610
821
199
410
621
266
477
688
66
277
488
699
77
288
499
710
88
299
510
721
99
310
684
62
273
484
695
73
284
495
706
84
295
506
717
95
306
517
162
373
584
795
173
384
595
806
184
395
606
817
195
406
617
828
206
580
791
169
380
591
802
180
391
602
813
191
402
613
824
202
413
58
269
480
691
69
280
491
702
80
291
502
713
91
302
513
724
102
476
687
65
276
487
698
76
287
498
709
87
298
509
720
98
309
787
165
376
587
798
176
387
598
809
187
398
609
820
198
409
620
831
372
583
794
172
383
594
805
183
394
605
816
194
405
616
827
205
683
61
272
483
694
72
283
494
705
83
294
505
716
94
305
516
727
268
479
690
68
279
490
701
79
290
501
712
90
301
512
723
101
579
790
168
379
590
801
179
390
601
812
190
401
612
823
201
412
623
1
2
3
4
5
6
7
103
104
105
106
107
108
109
110
111
207
208
209
210
211
212
213
214
215
311
312
313
314
315
316
317
318
319
415
416
417
418
419
420
421
422
423
424
519
520
521
522
523
524
525
526
527
528
624
625
626
627
628
629
630
631
632
728
729
730
731
732
733
734
735
736
832
833
834
835
836
837
838
839
840
841
842
843
844
845
846
847
848
849
850
851
852
853
854
855
856
857
858
859
860
861
862
863
864
865
866
867
868
869
870
871
872
873
874
875
876
877
878
879
880
881
882
883
884
885
886
887
888
889
890
891
892
893
894
895
896
897
898
899
900
901
902
903
904
905
906
907
908
909
910
911
912
913
914
915
916
917
918
919
920
921
922
923
924
925
926
927
928
929
930
931
932
933
934
935
936
937
938
939
940
941
942
943
944
945
946
947
948
949
950
951
952
953
954
955
956
957
958
959
960
961
962
963
964
965
966
967
968
969
970
971
972
973
974
975
976
977
978
979
980
981
982
983
984
985
986
987
988
989
990
991
992
993
994
995
996
997
998
999
1000
