380 0.000000e+00 0.000000e+00 0.000000e+00
384 0.000000e+00 0.000000e+00 0.000000e+00
388 1.881271e-04 1.518627e-04 4.724450e-03
392 5.491709e-04 4.521660e-04 1.386264e-02
396 1.168288e-03 9.863778e-04 2.975077e-02
400 2.231002e-03 1.928857e-03 5.737200e-02
404 4.271716e-03 3.853060e-03 1.123277e-01
408 7.167498e-03 6.809991e-03 1.938273e-01
412 1.053384e-02 1.064897e-02 2.954765e-01
416 1.405306e-02 1.524475e-02 4.096711e-01
420 1.747431e-02 2.049746e-02 5.275942e-01
424 2.109800e-02 2.707631e-02 6.414265e-01
428 2.496938e-02 3.476135e-02 7.497366e-01
432 2.919528e-02 4.354790e-02 8.491158e-01
436 3.372731e-02 5.326239e-02 9.320128e-01
440 3.836189e-02 6.356236e-02 9.867338e-01
444 4.243320e-02 7.327305e-02 9.942214e-01
448 4.665907e-02 8.300950e-02 9.685376e-01
452 5.133635e-02 9.308074e-02 9.237391e-01
456 5.714794e-02 1.046379e-01 8.697690e-01
460 6.516284e-02 1.196741e-01 8.124563e-01
464 7.592378e-02 1.394635e-01 7.593753e-01
468 8.956904e-02 1.636535e-01 6.891491e-01
472 1.057951e-01 1.907602e-01 6.022312e-01
476 1.228684e-01 2.172900e-01 5.019035e-01
480 1.376258e-01 2.377388e-01 3.942757e-01
484 1.569716e-01 2.641635e-01 3.094714e-01
488 1.773006e-01 2.907610e-01 2.409260e-01
492 2.054441e-01 3.275179e-01 1.883456e-01
496 2.450710e-01 3.797121e-01 1.492640e-01
500 2.966880e-01 4.479195e-01 1.190419e-01
504 3.584883e-01 5.258887e-01 9.535515e-02
508 4.250941e-01 6.062592e-01 7.304268e-02
512 4.942245e-01 6.857253e-01 5.458978e-02
516 5.643020e-01 7.618582e-01 4.052574e-02
520 6.344538e-01 8.331055e-01 2.942388e-02
524 6.953378e-01 8.863849e-01 2.144049e-02
528 7.498645e-01 9.277549e-01 1.547539e-02
532 8.004214e-01 9.615681e-01 1.109425e-02
536 8.460954e-01 9.872981e-01 7.915540e-03
540 8.826733e-01 9.995396e-01 5.610480e-03
544 9.091736e-01 9.958656e-01 4.110161e-03
548 9.313231e-01 9.844562e-01 2.997006e-03
552 9.521365e-01 9.680349e-01 2.179773e-03
556 9.717942e-01 9.468238e-01 1.583812e-03
560 9.876430e-01 9.185441e-01 1.151065e-03
564 9.960563e-01 8.777576e-01 8.608654e-04
568 9.985735e-01 8.289181e-01 6.414265e-04
572 9.940940e-01 7.724030e-01 4.769554e-04
576 9.832244e-01 7.099711e-01 3.543883e-04
580 9.682779e-01 6.447628e-01 2.633904e-04
584 9.543145e-01 5.820483e-01 2.007218e-04
588 9.355318e-01 5.190650e-01 1.525005e-04
592 9.096564e-01 4.561460e-01 1.156715e-04
596 8.761443e-01 3.942817e-01 8.768207e-05
600 8.361804e-01 3.351197e-01 6.648138e-05
604 7.893788e-01 2.818020e-01 5.154262e-05
608 7.379960e-01 2.335867e-01 3.985565e-05
612 6.824653e-01 1.907125e-01 3.077771e-05
616 6.237829e-01 1.534152e-01 2.375932e-05
620 5.635079e-01 1.219270e-01 1.834425e-05
624 5.044344e-01 9.846353e-02 1.444317e-05
628 4.451257e-01 7.860631e-02 1.134860e-05
632 3.851719e-01 6.128058e-02 8.907626e-06
636 3.261166e-01 4.625052e-02 6.989429e-06
640 2.714563e-01 3.411929e-02 5.485295e-06
644 2.257225e-01 2.538437e-02 4.380203e-06
648 1.854055e-01 1.868726e-02 3.491911e-06
652 1.501398e-01 1.377779e-02 2.781575e-06
656 1.197072e-01 1.028090e-02 2.215437e-06
660 9.403727e-02 7.696619e-03 1.764818e-06
664 7.403935e-02 5.813870e-03 1.427670e-06
668 5.757660e-02 4.352668e-03 1.153312e-06
672 4.418590e-02 3.232019e-03 9.310666e-07
676 3.346272e-02 2.382893e-03 7.515920e-07
680 2.506109e-02 1.748236e-03 6.068761e-07
684 1.905619e-02 1.314786e-03 4.968580e-07
688 1.435954e-02 9.824329e-04 4.062916e-07
692 1.073271e-02 7.292456e-04 3.320670e-07
696 7.964754e-03 5.378198e-04 2.714077e-07
700 5.872189e-03 3.952756e-04 2.218707e-07
704 4.414773e-03 2.975745e-04 1.836225e-07
708 3.295694e-03 2.229049e-04 1.518392e-07
712 2.447424e-03 1.664241e-04 1.255023e-07
716 1.810869e-03 1.240091e-04 1.037271e-07
720 1.335365e-03 9.225714e-05 8.576301e-08
724 1.007172e-03 7.022284e-05 7.168944e-08
728 7.554847e-04 5.322273e-05 5.989348e-08
732 0.000000e+00 0.000000e+00 0.000000e+00
736 0.000000e+00 0.000000e+00 0.000000e+00
740 0.000000e+00 0.000000e+00 0.000000e+00
744 0.000000e+00 0.000000e+00 0.000000e+00
748 0.000000e+00 0.000000e+00 0.000000e+00
752 0.000000e+00 0.000000e+00 0.000000e+00
756 0.000000e+00 0.000000e+00 0.000000e+00
760 0.000000e+00 0.000000e+00 0.000000e+00
764 0.000000e+00 0.000000e+00 0.000000e+00
768 0.000000e+00 0.000000e+00 0.000000e+00
772 0.000000e+00 0.000000e+00 0.000000e+00
776 0.000000e+00 0.000000e+00 0.000000e+00
780 0.000000e+00 0.000000e+00 0.000000e+00
